Loop Infomation
StartTime=0.000000	EndTime=118.154000
StartPcmOffset=0	EndPcmOffset=5210591
