Loop Infomation
StartTime=0.000000	EndTime=85.334000
StartPcmOffset=0	EndPcmOffset=3763229
