Loop Infomation
StartTime=0.000000	EndTime=117.334000
StartPcmOffset=0	EndPcmOffset=5174429
