Loop Infomation
StartTime=0.000000	EndTime=68.728000
StartPcmOffset=0	EndPcmOffset=3030904
