Loop Infomation
StartTime=0.000000	EndTime=24.691000
StartPcmOffset=0	EndPcmOffset=1088873
